10111
10111
10111
10111
10111
10111
10111
10111
10111
10111
11000
11000
11000
11000
11000
11000
11000
11000
11000
11000
11000
11000
11000
11000
11000
11000
11000
11000
11000
11000
11000
11000
11000
11000
11000
11000
11000
11000
11000
11000
11000
11000
11000
11000
11000
11000
11000
11000
11000
11000
11000
11000
11000
11000
11000
11000
11000
11000
11000
11000
11000
11000
11000
11000
11000
11000
11000
11000
11000
11000
11000
11000
11000
11000
11000
11000
11000
11000
11000
11000
11000
11000
11000
11000
11000
11000
11000
11000
11000
11000
11000
11000
11000
11000
11000
11000
11000
11000
11000
11000
11000
11000
11000
11000
11000
11000
11000
11000
11000
11000
11000
11000
11000
11000
11000
11000
11000
11000
11000
11000
11000
11000
11000
11000
11000
11000
11000
11000
11000
11000
11000
11000
11000
11000
11000
11000
11000
11000
11000
11000
11000
11000
11000
11000
11000
11000
11000
11000
11000
11000
11000
11000
11001
11001
11000
11000
11000
11001
11001
11000
11000
11000
11001
11000
11000
11000
11000
11001
11000
11001
11001
11000
11000
11000
11000
11000
11000
11001
11000
11001
11001
11001
11001
11001
11001
11001
11001
11001
11001
11001
11001
11001
11001
11001
11001
11001
11001
11001
11001
11001
11001
11001
11001
11001
11001
11001
11001
11001
11001
11000
11000
11001
11000
11001
11001
11001
11001
11001
11001
11000
11001
11001
11001
11000
11001
11001
11001
11001
11001
11001
11001
11001
11001
11001
11001
11001
11001
11001
11001
11001
11001
11001
11001
11001
11001
11001
11001
11001
11001
11001
11001
11001
11001
11001
11001
11001
11001
11001
11001
11001
11001
11001
11001
11001
11001
11001
11001
11001
11001
11001
11001
11001
11001
11001
11001
11001
11001
11001
11001
11001
11001
11001
11001
11001
11001
11001
11001
11001
11001
11001
11001
11001
11001
11001
11001
11001
11001
11001
11001
11001
11001
11001
11001
11001
11001
11001
11001
11001
11001
11001
11001
11001
11001
11001
11001
11001
11001
11001
11001
11001
11001
11001
11001
11001
11001
11001
11001
11001
11001
11001
11001
11001
11001
11001
11001
11001
11001
11001
11001
11001
11001
11001
11001
11001
11001
11001
11001
11001
11001
11001
11001
11001
11001
11001
11001
11001
11001
11001
11001
11001
11001
11001
11001
11001
11001
11001
11001
11001
11001
11001
11001
11001
11001
11001
11001
11001
11001
11001
11001
11001
11001
11001
11001
11001
11001
11001
11001
11001
11001
11001
11001
11001
11001
11001
11001
11001
11001
11001
11001
11001
11001
11001
11001
11001
11001
11001
11001
11001
11001
11001
11001
11001
11001
11001
11001
11001
11001
11001
11001
11001
11001
11001
11001
11001
11001
11001
11001
11001
11001
11001
11001
11001
11001
11001
11001
11001
11001
11001
11001
11001
11001
11001
11001
11001
11001
11001
11001
11001
11001
11001
11001
11001
11001
11001
11001
11001
11001
11001
11001
11001
11001
11001
11001
11001
11001
11001
11001
11001
11001
11001
11001
11001
11001
11001
11001
11001
11001
11001
11001
11001
11001
11001
11001
11001
11001
11001
11001
11001
11001
11001
11001
11001
11001
11001
11001
11001
11001
11001
11001
11001
11001
11001
11001
11001
11001
11001
11001
11001
11001
11001
11001
11001
11001
11001
11001
11001
11001
11001
11001
11001
11001
11001
11001
11001
11001
11001
11001
11001
11001
11001
11001
11001
11001
11001
11001
11001
11010
11010
11011
11011
11011
11011
11100
11100
11100
11100
11100
11100
11100
11100
11101
11101
11101
11101
11110
11110
11111
11111
100000
100001
100010
100010
100011
100100
100101
100110
100111
100111
101000
101001
101001
101010
101011
101011
101100
101100
101101
101101
101110
101110
101111
101111
110000
110000
110000
110000
110000
110000
110000
110000
110000
110000
110001
110001
110001
110001
110001
110001
110001
110001
110001
110001
110010
110010
110010
110010
110010
110010
110010
110010
110010
110010
110010
110011
110011
110011
110011
110011
110011
110011
110011
110011
110100
110100
110100
110100
110100
110100
110100
110100
110100
110100
110100
110100
110011
110011
110011
110011
110011
110011
110011
110011
110011
110010
110010
110010
110010
110010
110010
110010
110010
110010
110010
110010
110001
110001
110001
110001
110001
110001
101100
110011
111001
110000
110100
111000
111000
111001
111110
111111
111011
111010
111100
111010
1000010
1001001
1010000
1010010
1010110
1011110
1010001
1011000
1011001
1011010
1011001
1011001
1011010
1011001
1001110
1010010
1010001
1010101
1011000
1010111
1011001
1010110
1010001
1001110
1010000
1010001
1001111
1001111
1010010
1011000
1011000
1010101
1010110
1010111
1010100
1010011
1010101
1010001
1010010
1010001
1010011
1010011
1010000
1010101
1010010
1010011
1011100
1011100
1011100
1011011
1011011
1011100
1011011
1010111
1010110
1011000
1011011
1011101
1011010
1010110
1011001
1011010
1011000
1010100
1010000
1001010
1000110
1000011
1000001
111110
111100
111011
111001
111000
110111
110110
110101
110100
110100
110011
110011
110010
110010
110010
110001
110001
110001
110001
110000
110000
110000
110000
110000
110000
110000
110000
110000
101111
101111
101111
101111
101101
101011
101001
101000
101001
101011
101100
101110
101111
110000
110001
110010
110011
110100
110100
110101
110101
110101
110101
110110
110110
110110
110110
110110
110110
110111
110111
110111
110111
110111
110111
110111
110111
110111
110111
110111
110111
110111
110111
110111
111000
111000
111000
111000
111000
111000
111000
111000
111001
111001
111001
111001
111001
111001
111001
111010
111010
111010
111010
111010
111011
111011
111011
111011
111100
111100
111100
111100
111100
111100
111100
111100
111011
111011
111011
111011
111011
111011
111011
111011
111011
111011
111010
111010
111001
110110
110100
110010
110001
110000
101111
101110
101101
101101
101100
101100
101100
101100
101100
101100
101100
101100
101100
101101
101101
101101
101101
101101
101101
101101
101110
101110
101110
101110
101110
101110
101110
101100
101011
101100
101100
101100
101100
101100
101101
101101
101101
101101
101101
101101
101101
101101
101110
101110
101110
101110
101110
101110
101110
101110
101110
101110
101110
101110
101110
101110
101110
101110
101110
101110
101110
101110
101110
101110
101101
101101
101101
101101
101101
101101
101101
101101
101100
101100
101100
101100
101100
101100
101100
101100
101100
101011
101011
101011
101011
101011
101011
101011
101011
101011
101011
101011
101010
101010
101010
101010
101010
101010
101010
101010
101010
101010
101010
101010
101010
101001
101001
101001
101001
101001
101001
101001
101001
101001
101001
101001
101001
101001
101001
101000
101000
101000
101000
101000
101000
101000
101000
101000
101000
101000
101000
101000
101000
101000
101000
100111
100111
100111
100111
100111
100111
100111
100111
100111
100111
100111
100111
100111
100111
100111
100111
100111
100111
100111
100111
100111
100110
100110
100110
100110
100110
100110
100110
100110
100110
100110
100101
100101
100101
100101
100101
100101
100101
100101
100101
100101
100101
100101
100101
100101
100101
100101
100101
100101
100101
100101
100101
100101
100101
100101
100101
100101
100101
100101
100101
100101
100101
100101
100100
100100
100100
100100
100100
100100
100100
100100
100100
100100
100100
100100
100100
100100
100100
100100
100100
100100
100100
100100
100100
100100
100100
100100
100100
100100
100011
100011
100011
100011
100011
100011
100011
100011
100011
100011
100011
100011
100011
100011
100011
100011
100011
100011
100011
100011
100011
100011
100011
100010
100010
100010
100010
100010
100010
100010
100010
100010
100010
100010
100010
100010
100010
100010
100010
100010
100010
100010
100010
100010
100010
100010
100010
100010
100010
100010
100010
100010
100010
100010
100010
100001
100001
100001
100001
100001
100001
100001
100001
100001
100001
100001
100001
100001
100001
100001
100001
100001
100001
100001
100001
100001
100001
100001
100001
100001
100001
100001
100001
100001
100001
100001
100001
100001
100001
100001
100001
100000
100000
100000
100000
100000
100000
100000
100000
100000
100000
100000
100000
100000
100000
100000
100000
100000
100000
100000
100000
100000
100000
100000
100000
100000
100000
100000
100000
100000
100000
100000
100000
100000
100000
100000
100000
100000
11111
100000
11111
100000
11111
11111
11111
11111
11111
11111
11111
11111
11111
11111
11111
11111
11111
11111
11111
11111
11111
11111
11111
11111
11111
11111
11111
11111
11111
11111
11111
11111
11111
11111
11111
11111
11111
11111
11111
11111
11111
11111
11111
11111
11111
11111
11111
11111
11111
11110
11110
11111
11110
11110
11110
11110
11110
11110
11110
11110
11110
11110
11110
11110
11110
11110
11110
11110
11110
11110
11110
11110
11110
11110
11110
11110
11110
11110
11110
11110
11110
11110
11110
11110
11110
11110
11110
11110
11110
11110
11110
11110
11110
11110
11110
11110
11110
11110
11101
11101
11101
11101
11101
11101
11101
11101
11101
11101
11101
11101
11101
11101
11101
11101
11101
11101
11101
11101
11101
11101
11101
11101
11101
11101
11101
11101
11101
11101
11101
11101
11101
11101
11101
11101
11101
11101
11101
11101
11101
11101
11101
11101
11101
11101
11101
11101
11101
11101
11101
11101
11101
11101
11101
11101
11101
11101
11101
11101
11101
11101
11101
11101
11101
11101
11101
11101
11101
11101
11101
11101
11101
11100
11100
11100
11100
11100
11100
11100
11100
11100
11100
11100
11100
11100
11100
11100
11100
11100
11100
11100
11100
11100
11100
11100
11100
11100
11100
11100
11100
11100
11100
11100
11100
11100
11100
11100
11100
11100
11100
11100
11100
11100
11100
11100
11100
11100
11100
11100
11100
11100
11100
11100
11100
11100
11100
11100
11100
11100
11100
11100
11100
11100
11100
11100
11100
11100
11100
11100
11100
11100
11100
11100
11100
11100
11100
11100
11100
11100
11100
11100
11100
11100
11100
11100
11100
11100
11100
11100
11100
11100
11100
11100
11100
11100
11100
11100
11100
11100
11100
11100
11100
11100
11100
11100
11100
11100
11100
11100
11100
11100
11100
11100
11100
11100
11100
11100
11100
11100
11100
11100
11100
11100
11100
11100
11100
11100
11100
11100
11100
11100
11100
11100
11100
11100
11100
11100
11100
11100
11100
11100
11100
11100
11100
11100
11100
11100
11100
11100
11100
11100
11100
11100
11100
11100
11100
11100
11100
11100
11100
11100
11100
11100
11100
11100
11100
11100
11100
11100
11100
11100
11100
11100
11100
101010
101011
101111
101110
101111
101111
101111
110100
110100
110111
111010
111010
111011
111001
111010
111100
111011
1000000
1000010
1000010
1000000
1000111
1001010
1001001
1001000
1001010
1001011
1001001
1001011
1010100
1000111
1001111
1001111
1010010
1010010
1010100
1011000
1010100
1011000
1001110
1010010
1011001
1010111
1010111
1001100
1000111
1010111
1011111
1011101
1100100
1010011
1010101
1010011
1011111
1100110
1101000
1100101
1011111
1100000
1011001
1011000
1011001
1100000
1100101
1101000
1100111
1100111
1010101
1100001
1100101
1100111
1100111
1100110
1100110
1100110
1100110
1100110
1100110
1100110
1100110
1100110
1100110
1101000
1101001
1101001
1101001
1101010
1101001
1101001
1101001
1101001
1101001
1101001
1101001
1101010
1101010
1101010
1101010
1101010
1101010
1101011
1101011
1101010
1101001
1101010
1101010
1101010
1101010
1101010
1101011
1101010
1101010
1101010
1101010
1101010
1101011
1101100
1100011
1101001
1101011
1101100
1101011
1101010
1101001
1101001
1101001
1101001
1101010
1101010
1101010
1101010
1101010
1101010
1101100
1110000
1110001
1110001
1110001
1110000
1110000
1110000
